0 0 255 258
255 255 0 238
0 255 255 266
0 255 255 233
0 0 255 243
255 0 255 262
0 255 255 235
255 0 255 231
255 255 0 223
255 255 0 253
255 255 0 269
0 0 255 240
255 0 255 229
255 0 255 260
255 0 255 247
255 255 0 255
0 0 255 225
255 255 0 237
255 255 0 222
255 0 255 245
0 255 255 232
0 0 255 273
0 0 255 227
0 255 255 264
0 255 255 234
0 255 255 11
0 0 255 242
0 255 255 250
0 0 255 256
255 255 0 239
255 0 255 228
0 0 255 224
255 255 0 236
255 255 0 268
255 255 0 252
255 255 0 220
255 0 255 230
0 0 255 241
0 0 255 226
0 255 255 218
255 0 255 244
0 255 255 184
255 255 0 271
0 255 255 249
255 255 0 221
255 0 255 261
255 0 255 246
255 0 255 278
0 255 255 265
255 0 255 182
0 0 255 257
0 0 255 195
0 0 255 16
0 255 255 216
0 255 255 73
0 0 255 275
255 255 0 254
0 0 255 259
0 255 255 219
0 0 255 193
0 255 255 185
0 0 0 184
0 0 0 188
0 0 0 212
0 0 0 196
0 0 0 201
0 0 0 211
0 0 0 166
0 0 0 176
0 0 0 172
0 0 0 168
0 0 0 217
0 0 0 195
0 0 0 223
0 0 0 167
0 0 0 218
0 0 0 186
0 0 0 215
0 0 0 170
0 0 0 180
0 0 0 163
0 0 0 218
0 0 0 137
0 0 0 139
0 0 0 207
0 0 0 203
0 0 0 199
0 0 0 197
0 0 0 211
0 0 0 138
0 0 0 208
0 0 0 135
0 0 0 214
0 0 0 213
0 0 0 187
0 0 0 163
0 0 0 225
0 0 0 194
0 0 0 166
0 0 0 219
0 0 0 161
0 0 0 226
0 0 0 249
0 0 0 238
0 0 0 236
0 0 0 251
0 0 0 269
0 0 0 266
0 0 0 263
0 0 0 261
0 0 0 275
0 0 0 274
0 0 0 278
0 0 0 290
0 0 0 286
0 0 0 283
0 0 0 260
0 0 0 235
0 0 0 252
0 0 0 284
0 0 0 294
0 0 0 276
0 0 0 257
0 0 0 290
0 0 0 73
0 0 0 75
0 0 0 76
0 0 0 74
0 0 0 72
0 0 0 290
0 0 0 264
0 0 0 271
0 0 0 273
0 0 0 238
0 0 0 242
0 0 0 244
0 0 0 246
0 0 0 247
0 0 0 241
0 0 0 21
0 0 0 244
0 0 0 12
0 0 0 237
0 0 0 9
0 0 0 7
0 0 0 6
0 0 0 5
0 0 0 3
0 0 0 232
0 0 0 254
0 0 0 38
0 0 0 251
0 0 0 247
0 0 0 30
0 0 0 257
0 0 0 293
0 0 0 262
0 0 0 230
0 0 0 160
0 0 0 212
0 0 0 137
0 0 0 203
0 0 0 139
0 0 0 205
0 0 0 170
0 0 0 210
0 0 0 134
0 0 0 216
0 0 0 169
0 0 0 192
0 0 0 181
0 0 0 176
0 0 0 215
0 0 0 137
0 0 0 207
0 0 0 167
0 0 0 164
0 0 0 224
0 0 0 220
0 0 0 136
0 0 0 213
0 0 0 195
0 0 0 164
0 0 0 217
0 0 0 133
0 0 0 221
0 0 0 218
0 0 0 153
0 0 0 224
0 0 0 135
0 0 0 204
0 0 0 171
0 0 0 191
0 0 0 138
0 0 0 200
0 0 0 140
0 0 0 202
0 0 0 173
0 0 0 179
0 0 0 214
0 0 0 134
0 0 0 225
0 0 0 10
0 0 0 240
0 0 0 22
0 0 0 236
0 0 0 233
0 0 0 253
0 0 0 279
0 0 0 244
0 0 0 9
0 0 0 241
0 0 0 17
0 0 0 232
0 0 0 159
0 0 0 220
0 0 0 147
0 0 0 223
0 0 0 154
0 0 0 217
0 0 0 137
0 0 0 209
0 0 0 208
0 0 0 160
0 0 0 198
0 0 0 141
0 0 0 207
0 0 0 162
0 0 0 196
0 0 0 101
0 0 0 199
0 0 0 149
0 0 0 218
0 0 0 132
0 0 0 225
0 0 0 229
0 0 0 138
0 0 0 206
0 0 0 169
0 0 0 222
0 0 0 221
0 0 0 158
0 0 0 271
0 0 0 54
0 0 0 262
0 0 0 259
0 0 0 256
0 0 0 231
0 0 0 11
0 0 0 13
0 0 0 235
0 0 0 277
0 0 0 292
0 0 0 263
0 0 0 50
0 0 0 265
0 0 0 58
0 0 0 274
0 0 0 65
0 0 0 78
0 0 0 70
0 0 0 279
0 0 0 234
0 0 0 15
0 0 0 226
0 0 0 136
0 0 0 210
0 0 0 139
0 0 0 226
0 0 0 152
0 0 0 220
0 0 0 134
0 0 0 227
0 0 0 14
0 0 0 258
0 0 0 41
0 0 0 46
0 0 0 257
0 0 0 15
0 0 0 237
0 0 0 5
0 0 0 227
0 0 0 20
0 0 0 231
0 0 0 137
0 0 0 219
0 0 0 175
0 0 0 190
0 0 0 183
0 0 0 168
0 0 0 193
0 0 0 150
0 0 0 212
0 0 0 165
0 0 0 215
0 0 0 211
0 0 0 135
0 0 0 227
0 0 0 160
0 0 0 217
0 0 0 142
0 0 0 205
0 0 0 163
0 0 0 274
0 0 0 50
0 0 0 260
0 0 0 294
0 0 0 73
0 0 0 284
0 0 0 289
0 0 0 267
0 0 0 275
0 0 0 37
0 0 0 255
0 0 0 9
0 0 0 259
0 0 0 51
0 0 0 267
0 0 0 46
0 0 0 270
0 0 0 239
0 0 0 11
0 0 0 75
0 0 0 71
0 0 0 290
0 0 0 291
0 0 0 179
0 0 0 204
0 0 0 143
0 0 0 221
0 0 0 131
0 0 0 226
0 0 0 17
0 0 0 234
0 0 0 252
0 0 0 163
0 0 0 216
0 0 0 155
0 0 0 211
0 0 0 169
0 0 0 285
0 0 0 167
0 0 0 168
0 0 0 203
0 0 0 172
0 0 0 190
0 0 0 95
0 0 0 188
0 0 0 139
0 0 0 217
0 0 0 135
0 0 0 221
0 0 0 132
0 0 0 228
0 0 0 13
0 0 0 243
0 0 0 25
0 0 0 231
0 0 0 258
0 0 0 11
0 0 0 237
0 0 0 276
0 0 0 67
0 0 0 286
0 0 0 72
0 0 0 281
0 0 0 279
0 0 0 230
0 0 0 232
0 0 0 19
0 0 0 78
0 0 0 23
0 0 0 233
0 0 0 18
0 0 0 240
0 0 0 4
0 0 0 7
0 0 0 245
0 0 0 272
0 0 0 162
0 0 0 225
0 0 0 146
0 0 0 265
0 0 0 56
0 0 0 263
0 0 0 229
0 0 0 151
0 0 0 223
0 0 0 137
0 0 0 213
0 0 0 167
0 0 0 194
0 0 0 191
0 0 0 151
0 0 0 217
0 0 0 109
0 0 0 215
0 0 0 155
0 0 0 208
0 0 0 207
0 0 0 156
0 0 0 279
0 0 0 163
0 0 0 271
0 0 0 36
0 0 0 48
0 0 0 266
0 0 0 52
0 0 0 258
0 0 0 163
0 0 0 197
0 0 0 100
0 0 0 200
0 0 0 102
0 0 0 198
0 0 0 157
0 0 0 272
0 0 0 63
0 0 0 79
0 0 0 22
0 0 0 227
0 0 0 145
0 0 0 266
0 0 0 290
0 0 0 180
0 0 0 201
0 0 0 148
0 0 0 219
0 0 0 135
0 0 0 231
0 0 0 30
0 0 0 236
0 0 0 14
0 0 0 2
0 0 0 73
0 0 0 282
0 0 0 284
0 0 0 45
0 0 0 275
0 0 0 296
0 0 0 73
0 0 0 289
0 0 0 177
0 0 0 214
0 0 0 166
0 0 0 224
0 0 0 133
0 0 0 141
0 0 0 246
0 0 0 28
0 0 0 78
0 0 0 298
0 0 0 82
255 0 255 23
0 255 255 248
0 0 0 299
0 0 0 74
0 0 0 283
0 0 0 233
0 0 0 32
0 0 0 49
0 0 0 264
0 0 0 226
0 0 0 130
0 0 0 222
0 0 0 155
0 0 0 227
0 0 0 129
0 0 0 205
0 0 0 140
0 0 0 216
0 0 0 225
0 0 0 148
0 0 0 268
0 0 0 18
0 0 0 224
0 0 0 4
0 0 0 238
0 0 0 137
0 0 0 192
0 0 0 96
0 0 0 190
0 0 0 152
0 0 0 267
0 0 0 59
0 0 0 80
0 0 0 25
0 0 0 229
0 0 0 31
0 0 0 77
0 0 0 286
0 0 0 177
0 0 0 188
0 0 0 94
0 0 0 200
0 0 0 145
0 0 0 249
0 0 0 9
0 0 0 10
0 0 0 243
0 0 0 239
0 0 0 21
0 0 0 249
0 0 0 162
0 0 0 214
0 0 0 147
0 0 0 226
0 0 0 135
0 0 0 223
0 0 0 11
0 0 0 47
0 0 0 39
0 0 0 274
0 0 0 269
0 0 0 47
0 0 0 260
0 0 0 7
0 0 0 234
0 0 0 22
0 0 0 230
0 0 0 259
0 0 0 295
0 0 0 74
0 0 0 173
0 0 0 215
0 0 0 216
0 0 0 161
0 0 0 164
0 0 0 282
0 0 0 267
0 0 0 150
0 0 0 224
0 0 0 131
0 0 0 231
0 0 0 7
0 0 0 44
0 0 0 285
0 0 0 79
0 0 0 60
0 0 0 269
0 0 0 159
0 0 0 218
0 0 0 108
0 0 0 216
0 0 0 137
0 0 0 208
0 0 0 211
0 0 0 180
0 0 0 90
0 0 0 183
0 0 0 187
0 0 0 46
0 0 0 273
0 0 0 62
0 0 0 209
0 0 0 204
0 0 0 166
0 0 0 196
0 0 0 142
0 0 0 144
0 0 0 203
0 0 0 206
0 0 0 165
0 0 0 255
0 0 0 232
0 0 0 130
0 0 0 225
0 0 0 266
0 0 0 171
0 0 0 193
0 0 0 50
0 0 0 268
0 0 0 288
0 0 0 250
0 0 0 29
0 0 0 237
0 0 0 138
0 0 0 207
0 0 0 54
0 0 0 282
0 0 0 35
0 0 0 37
0 0 0 236
0 0 0 239
0 0 0 19
0 0 0 21
0 0 0 237
0 0 0 7
0 0 0 250
0 0 0 295
0 0 0 79
0 0 0 27
0 0 0 229
0 0 0 135
0 0 0 213
0 0 0 75
0 0 0 77
0 0 0 38
0 0 0 41
0 0 0 236
0 0 0 12
0 0 0 242
0 0 0 16
0 0 0 235
0 0 0 31
0 0 0 228
0 0 0 139
0 0 0 136
0 0 0 218
0 0 0 78
0 0 0 30
0 0 0 242
0 0 0 290
0 0 0 185
0 0 0 92
0 0 0 182
0 0 0 2
0 0 0 118
255 255 0 108
255 0 255 87
255 0 255 116
0 255 255 72
0 255 255 251
255 255 0 28
255 0 255 181
0 255 255 75
0 0 0 298
0 0 0 80
0 0 0 26
0 0 0 230
0 0 0 134
0 0 0 131
0 0 0 219
0 0 0 153
0 0 0 275
0 0 0 165
0 0 0 71
0 0 0 68
0 0 0 211
0 0 0 109
0 0 0 214
0 0 0 164
0 0 0 257
0 0 0 296
0 0 0 293
0 0 0 292
0 0 0 106
0 0 0 218
0 0 0 194
0 0 0 197
0 0 0 103
0 0 0 204
0 0 0 138
0 0 0 201
0 0 0 199
0 0 0 140
0 0 0 186
0 0 0 165
0 0 0 281
0 0 0 277
0 0 0 35
0 0 0 33
0 0 0 76
0 0 0 42
0 0 0 254
0 0 0 256
0 0 0 48
0 0 0 200
0 0 0 101
0 0 0 202
0 0 0 156
0 0 0 199
0 0 0 104
0 0 0 206
0 0 0 55
0 0 0 270
0 0 0 159
0 0 0 197
0 0 0 53
0 0 0 261
0 0 0 293
0 0 0 237
0 0 0 248
0 0 0 147
0 0 0 202
0 0 0 47
0 0 0 186
0 0 0 88
0 0 0 188
0 0 0 46
0 0 0 283
0 0 0 80
0 0 0 21
0 0 0 231
0 0 0 24
0 0 0 284
0 0 0 34
0 0 0 232
0 0 0 139
0 0 0 206
0 0 0 101
0 0 0 187
0 0 0 156
0 0 0 278
0 0 0 78
0 0 0 220
0 0 0 218
0 0 0 150
0 0 0 198
0 0 0 46
0 0 0 249
0 0 0 95
0 0 0 250
0 0 0 290
0 0 0 286
0 0 0 69
0 0 0 163
0 0 0 288
0 0 0 78
0 0 0 217
0 0 0 107
0 0 0 221
0 0 0 77
0 0 0 67
0 0 0 280
0 0 0 75
0 0 0 71
0 0 0 174
0 0 0 176
0 0 0 267
0 0 0 144
0 0 0 148
0 0 0 221
0 0 0 8
0 0 0 6
0 0 0 243
0 0 0 247
0 0 0 9
0 0 0 43
0 0 0 235
0 0 0 14
0 0 0 242
0 0 0 93
0 0 0 246
0 0 0 11
0 0 0 220
0 0 0 138
0 0 0 212
0 0 0 131
0 0 0 234
0 0 0 137
0 0 0 239
0 0 0 38
0 0 0 276
0 0 0 274
0 0 0 161
0 0 0 197
0 0 0 59
0 0 0 263
0 0 0 227
0 0 0 26
0 0 0 236
0 0 0 136
0 0 0 208
0 0 0 63
0 0 0 210
0 0 0 61
0 0 0 268
0 0 0 224
0 0 0 147
0 0 0 264
0 0 0 291
0 0 0 76
0 0 0 10
0 0 0 275
0 0 0 57
0 0 0 281
0 0 0 279
0 0 0 155
0 0 0 217
0 0 0 111
0 0 0 113
0 0 0 112
0 0 0 222
0 0 0 137
0 0 0 225
0 0 0 165
0 0 0 179
0 0 0 141
0 0 0 264
0 0 0 33
0 0 0 235
0 0 0 39
0 0 0 76
0 0 0 15
0 0 0 241
0 0 0 292
0 0 0 81
0 0 0 290
0 0 0 106
0 0 0 288
0 0 0 23
0 0 0 238
0 0 0 20
0 0 0 1
0 0 0 115
255 255 0 46
255 0 255 151
255 0 255 117
255 255 0 78
255 0 255 213
0 255 255 107
0 255 255 89
255 0 255 183
255 255 0 191
255 255 0 111
255 0 255 85
255 255 0 175
0 0 0 299
0 0 0 296
0 0 0 240
0 0 0 257
0 0 0 169
0 0 0 171
0 0 0 172
0 0 0 169
0 0 0 195
0 0 0 180
0 0 0 184
0 0 0 187
0 0 0 49
0 0 0 53
0 0 0 31
0 0 0 230
0 0 0 129
0 0 0 143
0 0 0 190
0 0 0 45
0 0 0 44
0 0 0 200
0 0 0 149
0 0 0 213
0 0 0 168
0 0 0 267
0 0 0 146
0 0 0 230
0 0 0 193
0 0 0 101
0 0 0 100
0 0 0 199
0 0 0 55
0 0 0 264
0 0 0 173
0 0 0 73
0 0 0 171
0 0 0 72
0 0 0 3
0 0 0 241
0 0 0 136
0 0 0 133
0 0 0 226
0 0 0 142
0 0 0 178
0 0 0 293
0 0 0 105
0 0 0 198
0 0 0 56
0 0 0 209
0 0 0 135
0 0 0 228
0 0 0 260
0 0 0 262
0 0 0 170
0 0 0 191
0 0 0 188
0 0 0 138
0 0 0 233
0 0 0 16
0 0 0 227
0 0 0 291
0 0 0 62
0 0 0 137
0 0 0 240
0 0 0 17
0 0 0 79
0 0 0 275
0 0 0 49
0 0 0 201
0 0 0 199
0 0 0 45
0 0 0 1
0 0 0 71
0 0 0 208
0 0 0 206
0 0 0 288
0 0 0 251
0 0 0 253
0 0 0 254
0 0 0 96
0 0 0 252
0 0 0 37
0 0 0 78
0 0 0 215
0 0 0 211
0 0 0 132
0 0 0 230
0 0 0 222
0 0 0 147
0 0 0 252
0 0 0 287
0 0 0 162
0 0 0 259
0 0 0 256
0 0 0 7
0 0 0 240
0 0 0 46
0 0 0 184
0 0 0 91
0 0 0 173
0 0 0 176
0 0 0 73
0 0 0 274
0 0 0 278
0 0 0 139
0 0 0 208
0 0 0 65
0 0 0 64
0 0 0 62
0 0 0 198
0 0 0 52
0 0 0 291
0 0 0 248
0 0 0 251
0 0 0 164
0 0 0 167
0 0 0 73
0 0 0 299
0 0 0 117
0 0 0 11
0 0 0 242
0 0 0 276
0 0 0 36
0 0 0 196
0 0 0 151
0 0 0 211
0 0 0 70
0 0 0 164
0 0 0 273
0 0 0 75
0 0 0 169
0 0 0 248
0 0 0 30
0 0 0 233
0 0 0 129
0 0 0 225
0 0 0 21
0 0 0 258
0 0 0 98
0 0 0 194
0 0 0 191
0 0 0 130
0 0 0 235
0 0 0 47
0 0 0 282
0 0 0 261
0 0 0 6
0 0 0 2
0 0 0 19
0 0 0 21
0 0 0 165
0 0 0 249
0 0 0 139
0 0 0 201
0 0 0 94
0 0 0 245
0 0 0 36
0 0 0 80
0 0 0 277
0 0 0 143
0 0 0 146
0 0 0 274
0 0 0 160
0 0 0 157
0 0 0 154
0 0 0 225
0 0 0 186
0 0 0 50
0 0 0 113
0 0 0 227
0 0 0 215
0 0 0 108
0 0 0 2
0 0 0 70
0 0 0 176
0 0 0 178
0 0 0 92
0 0 0 243
0 0 0 46
0 0 0 76
0 0 0 217
0 0 0 167
0 0 0 196
0 0 0 57
0 0 0 53
0 0 0 283
0 0 0 163
0 0 0 51
0 0 0 263
0 0 0 266
0 0 0 269
0 0 0 272
0 0 0 221
0 0 0 218
0 0 0 215
0 0 0 134
0 0 0 223
0 0 0 145
0 0 0 280
0 0 0 73
0 0 0 218
0 0 0 75
0 0 0 79
0 0 0 290
0 0 0 75
0 0 0 293
0 0 0 222
0 0 0 22
0 0 0 177
0 0 0 82
0 0 0 285
0 0 0 244
0 0 0 246
0 0 0 270
0 0 0 59
0 0 0 135
0 0 0 202
0 0 0 199
0 0 0 49
0 0 0 272
0 0 0 58
0 0 0 61
0 0 0 212
0 0 0 109
0 0 0 293
0 0 0 184
0 0 0 181
0 0 0 153
0 0 0 148
0 0 0 254
0 0 0 105
0 0 0 287
0 0 0 45
0 0 0 12
0 0 0 219
0 0 0 160
0 0 0 210
0 0 0 208
0 0 0 165
0 0 0 197
0 0 0 150
0 0 0 220
0 0 0 149
0 0 0 266
0 0 0 179
0 0 0 286
0 0 0 289
0 0 0 82
0 0 0 25
0 0 0 237
0 0 0 24
0 0 0 233
0 0 0 229
0 0 0 34
0 0 0 278
0 0 0 281
0 0 0 144
0 0 0 276
0 0 0 139
0 0 0 230
0 0 0 149
0 0 0 136
0 0 0 63
0 0 0 261
0 0 0 153
0 0 0 226
0 0 0 145
0 0 0 275
0 0 0 237
0 0 0 42
0 0 0 201
0 0 0 99
0 0 0 101
0 0 0 212
0 0 0 182
0 0 0 42
0 0 0 249
0 0 0 251
0 0 0 39
0 0 0 1
0 0 0 73
0 0 0 8
0 0 0 11
0 0 0 14
0 0 0 17
0 0 0 231
0 0 0 128
0 0 0 234
0 0 0 236
0 0 0 10
0 0 0 248
0 0 0 166
0 0 0 185
0 0 0 87
0 255 255 121
255 255 0 109
0 0 0 297
0 0 0 119
0 0 255 81
0 255 255 153
0 0 0 14
0 0 0 239
0 0 0 242
0 0 0 291
0 0 0 220
0 0 0 156
0 0 0 210
0 0 0 71
0 0 0 282
0 0 0 158
0 0 0 215
0 0 0 211
0 0 0 189
0 0 0 46
0 0 0 233
0 0 0 43
0 0 0 200
0 0 0 141
0 0 0 263
0 0 0 99
0 0 0 216
0 0 0 175
0 0 0 73
0 0 0 43
0 0 0 162
0 0 0 164
0 0 0 271
0 0 0 238
0 0 0 54
0 0 0 27
0 0 0 78
0 0 0 223
0 0 0 111
0 0 0 215
0 0 0 178
0 0 0 170
0 0 0 220
0 0 0 110
0 0 0 295
0 0 0 241
0 0 0 43
0 0 0 269
0 0 0 175
0 0 0 80
0 0 0 285
0 0 0 23
0 0 0 176
0 0 0 172
0 0 0 294
0 0 0 298
0 0 0 85
255 0 255 4
0 255 255 40
255 255 0 61
255 0 255 199
0 0 255 194
0 0 0 294
0 0 0 242
0 0 0 20
0 0 0 7
0 0 0 242
0 0 0 92
0 0 0 247
0 0 0 244
0 0 0 289
0 0 0 223
0 0 0 166
0 0 0 72
0 0 0 48
0 0 0 187
0 0 0 33
0 0 0 40
0 0 0 163
0 0 0 253
0 0 0 256
0 0 0 262
0 0 0 264
0 0 0 144
0 0 0 228
0 0 0 128
0 0 0 203
0 0 0 206
0 0 0 140
0 0 0 247
0 0 0 251
0 0 0 97
0 0 0 253
0 0 0 106
0 0 0 204
0 0 0 141
0 0 0 131
0 0 0 14
0 0 0 78
0 0 0 211
0 0 0 137
0 0 0 235
0 0 0 55
0 0 0 113
0 0 0 45
0 0 0 234
0 0 0 41
0 0 0 44
0 0 0 161
0 0 0 260
0 0 0 37
0 0 0 38
0 0 0 195
0 0 0 102
0 0 0 205
0 0 0 197
0 0 0 50
0 0 0 69
0 0 0 211
0 0 0 65
0 0 0 68
0 0 0 169
0 0 0 167
0 0 0 286
0 0 0 283
0 0 0 245
0 0 0 40
0 0 0 259
0 0 0 97
0 0 0 208
0 0 0 290
0 0 0 291
0 0 0 73
0 0 0 297
0 0 0 190
0 0 0 90
0 0 0 181
0 0 0 213
0 0 0 276
0 0 0 75
0 0 0 47
0 0 0 49
0 0 0 205
0 0 0 94
0 0 0 189
0 0 0 51
0 0 0 112
0 0 0 226
0 0 0 11
0 0 0 233
0 0 0 134
0 0 0 268
0 0 0 35
0 0 0 186
0 0 0 141
0 0 0 191
0 0 0 209
0 0 0 138
0 0 0 225
0 0 0 26
0 0 0 22
0 0 0 19
0 0 0 223
0 0 0 159
0 0 0 153
0 0 0 188
0 0 0 101
0 0 0 208
0 0 0 59
0 0 0 196
0 0 0 35
0 0 0 7
0 0 0 156
0 0 0 283
0 0 0 255
0 0 0 32
0 0 0 28
0 0 0 77
0 0 0 279
0 0 0 79
0 0 0 26
0 0 0 221
0 0 0 137
0 0 0 230
0 0 0 87
0 0 255 113
0 0 0 2
0 0 0 27
0 0 0 220
0 0 0 139
0 0 0 61
0 0 0 266
0 0 0 263
0 0 0 130
0 0 0 217
0 0 0 157
0 0 0 259
0 0 0 236
0 0 0 239
0 0 0 9
0 0 0 18
0 0 0 231
0 0 0 33
0 0 0 253
0 0 0 145
0 0 0 198
0 0 0 158
0 0 0 272
0 0 0 21
0 0 0 235
0 0 0 292
0 0 0 79
0 0 0 287
0 0 0 66
0 0 0 138
0 0 0 277
0 0 0 172
0 0 0 91
0 0 0 248
0 0 0 133
0 0 0 269
0 0 0 223
0 0 0 155
0 0 0 235
0 0 0 44
0 0 0 47
0 0 0 199
0 0 0 203
0 0 0 131
0 0 0 230
0 0 0 25
0 0 0 257
0 0 0 42
0 0 0 161
0 0 0 160
0 0 0 206
0 0 0 93
0 0 0 252
0 0 0 257
0 0 0 96
0 0 0 215
0 0 0 77
0 0 0 32
0 0 0 106
0 0 0 289
0 0 0 205
0 0 0 46
0 0 0 194
0 0 0 162
0 0 0 188
0 0 0 47
0 0 0 231
0 0 0 192
0 0 0 126
0 0 0 232
0 0 0 235
0 0 0 28
0 0 0 133
0 0 0 225
0 0 0 78
0 0 0 9
0 0 0 252
0 0 0 242
0 0 0 286
0 0 0 107
0 0 0 213
0 0 0 64
0 0 0 285
0 0 0 168
0 0 0 222
0 0 0 219
0 0 0 78
0 0 0 2
0 0 0 152
0 0 0 276
0 0 0 232
0 0 0 131
0 0 0 240
0 0 0 40
0 0 0 76
0 0 0 287
0 0 0 209
0 0 0 54
0 0 0 59
0 0 0 8
0 0 0 260
0 0 0 154
0 0 0 30
0 0 0 239
0 0 0 157
0 0 0 275
0 0 0 244
0 0 0 246
0 0 0 267
0 0 0 153
0 0 0 284
0 0 0 105
0 0 0 201
0 0 0 132
0 0 0 227
0 0 0 229
0 0 0 232
0 0 0 285
0 0 0 20
0 0 0 239
0 0 0 15
0 0 0 264
0 0 0 100
0 0 0 190
0 0 0 151
0 0 0 34
0 0 0 37
0 0 0 185
0 0 0 173
0 0 0 81
0 0 0 278
0 0 0 74
0 0 0 51
0 0 0 199
0 0 0 197
0 0 0 93
0 0 0 103
0 0 0 29
0 0 0 225
0 0 0 136
0 0 0 58
0 0 0 57
0 0 0 198
0 0 0 139
0 0 0 136
255 0 255 119
0 0 0 65
0 0 0 120
0 0 0 14
0 0 0 277
0 0 0 223
0 0 0 31
0 0 0 34
0 0 0 228
0 0 0 194
0 0 0 36
0 0 0 262
0 0 0 274
0 0 0 38
0 0 0 164
0 0 0 161
0 0 0 217
0 0 0 138
0 0 0 214
0 0 0 211
0 0 0 58
0 0 0 197
0 0 0 141
0 0 0 279
0 0 0 73
0 0 0 295
0 0 0 293
0 0 0 233
0 0 0 115
0 0 0 295
0 0 0 221
0 0 0 78
0 0 0 213
0 0 0 180
0 0 0 101
0 0 0 97
0 0 0 94
0 0 0 250
0 0 0 105
0 0 0 256
0 0 0 50
0 0 0 48
0 0 0 229
0 0 0 140
0 0 0 139
0 0 0 275
0 0 0 250
0 0 0 160
0 0 0 45
0 0 0 201
0 0 0 279
0 0 0 139
0 0 0 187
0 0 0 52
0 0 0 65
0 0 0 290
0 0 0 176
0 0 0 143
0 0 0 229
0 0 0 287
0 0 0 33
0 0 0 233
0 0 0 261
0 0 0 28
0 0 0 242
0 0 0 39
0 0 0 178
0 0 0 181
0 0 0 184
0 0 0 187
0 0 0 7
0 0 0 4
0 0 0 110
0 0 0 204
0 0 0 130
0 0 0 133
0 0 0 220
0 0 0 173
0 0 0 278
0 0 0 36
0 0 0 106
0 0 0 1
0 0 0 169
0 0 0 171
0 0 0 186
0 0 0 289
0 0 0 292
0 0 0 114
0 0 0 49
0 0 0 236
0 0 0 43
0 0 0 75
0 0 0 71
0 0 0 68
0 0 0 2
0 0 0 114
0 0 0 226
0 0 0 137
0 0 0 57
0 0 0 212
0 0 0 139
0 0 0 248
0 0 0 284
0 0 0 242
0 0 0 3
0 0 0 24
0 0 0 128
0 0 0 236
0 0 0 19
0 0 0 77
0 0 0 276
0 0 0 82
0 0 0 178
0 0 0 74
0 0 0 214
0 0 0 125
0 0 0 21
0 0 0 221
0 0 0 218
0 0 0 129
0 0 0 193
0 0 0 5
0 0 0 91
0 0 0 243
0 0 0 2
0 0 0 223
0 0 0 286
0 0 0 79
0 0 0 298
0 0 0 110
0 0 0 293
0 0 0 218
0 0 0 141
0 0 0 265
0 0 0 252
0 0 0 35
0 0 0 76
0 0 0 29
0 0 0 259
0 0 0 171
0 0 0 88
0 0 0 165
0 0 0 167
0 0 0 47
0 0 0 191
0 0 0 188
0 0 0 146
0 0 0 147
0 0 0 206
0 0 0 208
0 0 0 211
0 0 0 159
0 0 0 49
0 0 0 288
0 0 0 228
0 0 0 161
0 0 0 205
0 255 255 296
0 0 0 8
0 0 0 240
0 0 0 13
0 0 0 218
0 0 0 215
0 0 0 70
0 0 0 239
0 0 0 245
0 0 0 274
0 0 0 148
0 0 0 247
0 0 0 167
0 0 0 38
0 0 0 41
0 0 0 238
0 0 0 135
0 0 0 230
0 0 0 127
0 0 0 238
0 0 0 16
0 0 0 132
0 0 0 262
0 0 0 152
0 0 0 229
0 0 0 43
0 0 0 184
0 0 0 86
0 0 0 231
0 0 0 114
0 0 0 289
0 0 0 76
0 0 0 222
0 0 0 146
0 0 0 291
0 0 0 299
0 0 0 282
0 0 0 281
0 0 0 274
0 0 0 272
0 0 0 149
0 0 0 225
0 0 0 158
0 0 0 222
0 0 0 290
0 0 0 161
0 0 0 209
0 0 0 96
0 0 0 194
0 0 0 191
0 0 0 163
0 0 0 201
0 0 0 41
0 0 0 250
0 0 0 37
0 0 0 228
0 0 0 131
0 0 0 129
0 0 0 229
0 0 0 10
0 0 0 77
0 0 0 198
0 0 0 225
0 0 0 42
0 0 0 112
0 0 0 56
0 0 0 291
0 0 0 116
0 0 0 12
0 0 0 278
0 0 0 68
0 0 0 240
0 0 0 78
0 0 0 216
0 0 0 196
0 0 0 168
0 0 0 2
0 0 0 65
0 0 0 61
0 0 0 136
0 0 0 133
0 0 0 188
0 0 0 97
0 0 0 193
0 0 0 169
0 0 0 171
0 0 0 287
0 0 0 238
0 0 0 258
0 0 0 155
0 0 0 6
0 0 0 36
0 0 0 237
0 0 0 55
0 0 0 200
0 0 0 46
0 0 0 192
0 0 0 148
0 0 0 216
0 0 0 67
0 0 0 282
0 0 0 243
0 0 0 93
0 0 0 241
0 0 0 12
0 0 0 160
0 0 0 47
0 0 0 268
0 0 0 151
0 0 0 208
0 0 0 55
0 0 0 21
0 0 0 228
0 0 0 268
0 0 0 133
0 0 0 208
0 0 0 93
0 0 0 13
0 0 0 75
0 0 0 79
0 0 0 277
0 0 0 231
0 0 0 297
0 0 0 72
0 0 0 174
0 0 0 176
0 0 0 94
0 0 0 191
0 0 0 54
0 0 0 266
0 0 0 269
0 0 0 272
0 0 0 79
0 0 0 8
0 0 0 34
0 0 0 197
0 0 0 194
0 0 0 141
0 0 0 224
0 0 0 221
0 0 0 4
0 0 0 7
0 0 0 207
0 0 0 103
0 0 0 281
0 0 0 245
0 0 0 10
0 0 0 250
0 0 0 270
0 0 0 153
0 0 0 237
0 0 0 32
0 0 0 21
0 0 0 238
0 0 0 40
0 0 0 273
0 0 0 251
0 0 0 104
0 0 0 280
0 0 0 198
0 0 0 61
0 0 0 140
0 0 0 142
0 0 0 278
0 0 0 191
0 0 0 50
0 0 0 235
0 0 0 90
0 0 0 177
0 0 0 253
0 0 0 92
0 0 0 105
0 0 0 215
0 0 0 164
0 0 0 220
0 0 0 155
0 0 0 37
0 0 0 197
0 255 255 217
0 0 0 97
0 0 0 255
0 0 0 144
0 0 0 224
0 0 0 1
0 0 0 88
0 0 0 183
0 0 0 46
0 0 0 6
0 0 0 262
0 0 0 259
0 0 0 128
0 0 0 149
0 0 0 97
0 0 0 176
0 0 0 219
0 0 0 28
0 0 0 26
0 0 0 180
0 0 0 73
0 0 0 140
0 0 0 225
0 0 0 284
0 0 0 25
0 0 0 181
0 0 0 288
0 0 0 83
0 0 0 284
0 0 0 65
0 0 0 113
0 0 0 296
0 0 0 293
0 0 0 78
0 0 0 210
0 0 0 73
0 0 0 165
0 0 0 204
0 0 0 104
0 0 0 249
0 0 0 55
0 0 0 257
0 0 0 31
0 0 0 28
0 0 0 152
0 0 0 207
0 0 0 109
0 0 0 5
0 0 0 75
0 0 0 61
0 0 0 120
0 0 0 298
0 0 0 83
0 0 0 227
0 0 0 147
0 0 0 143
0 0 0 263
0 0 0 232
0 0 0 137
0 0 0 130
0 0 0 233
0 0 0 157
0 0 0 154
0 0 0 180
0 0 0 291
0 0 0 187
0 0 0 189
0 0 0 129
0 0 0 202
0 0 0 272
0 0 0 53
0 0 0 56
0 0 0 19
0 0 0 17
0 0 0 14
0 0 0 33
0 0 0 279
0 0 0 219
0 0 0 192
0 0 0 90
0 0 0 179
0 0 0 32
0 0 0 156
0 0 0 5
0 0 0 3
0 0 0 76
0 0 0 20
0 0 0 222
0 0 0 131
0 0 0 12
0 0 0 10
0 0 0 238
0 0 0 129
0 0 0 26
0 0 0 101
0 0 0 102
0 0 0 216
0 0 0 69
0 0 0 280
0 0 0 139
0 0 0 200
0 0 0 63
0 0 0 138
0 0 0 203
0 0 0 206
0 0 0 48
0 0 0 259
0 0 0 96
0 0 0 214
0 0 0 10
0 0 0 161
0 0 0 159
0 0 0 271
0 0 0 139
0 0 0 255
0 0 0 241
0 0 0 5
0 0 0 185
0 0 0 152
0 0 0 1
0 0 0 116
0 0 0 119
0 0 0 48
0 0 0 289
0 0 0 286
0 0 0 283
0 0 0 281
0 0 0 274
0 0 0 79
0 0 0 283
0 0 0 199
0 0 0 203
0 0 0 167
0 0 0 169
0 0 0 171
0 0 0 176
0 0 0 257
0 0 0 38
0 0 0 236
0 0 0 277
0 0 0 147
0 0 0 218
0 0 0 134
0 0 0 17
0 0 0 225
0 0 0 40
0 0 0 42
0 0 0 235
0 0 0 56
0 0 0 199
0 0 0 165
0 0 0 290
0 0 0 105
0 0 0 222
0 0 0 270
0 0 0 140
0 0 0 238
0 0 0 30
0 0 0 75
0 0 0 40
0 0 0 195
0 0 0 60
0 0 0 7
0 0 0 10
0 0 0 48
0 0 0 74
0 0 0 294
0 0 0 261
0 0 0 99
0 0 0 265
0 0 0 229
0 0 0 232
0 0 0 235
0 0 0 239
0 0 0 18
0 0 0 124
255 255 0 158
0 0 0 188
0 0 0 170
0 0 0 76
0 0 0 17
0 0 0 273
0 0 0 162
0 0 0 47
0 0 0 233
0 0 0 191
0 0 0 149
0 0 0 154
0 0 0 224
0 0 0 228
0 0 0 137
0 0 0 64
0 0 0 121
0 0 0 110
0 0 0 215
0 0 0 211
0 0 0 141
0 0 0 61
0 0 0 288
0 0 0 211
0 0 0 95
0 0 0 204
0 0 0 51
0 0 0 49
0 0 0 203
0 0 0 153
0 0 0 44
0 0 0 42
0 0 0 262
0 0 0 160
0 0 0 220
0 0 0 77
0 0 0 294
0 0 0 117
0 0 0 113
0 0 0 63
0 0 0 264
0 0 0 131
0 0 0 129
0 0 0 234
0 0 0 89
0 0 0 252
0 0 0 98
0 0 0 250
0 0 0 165
0 0 0 164
0 0 0 212
0 0 0 277
0 0 0 137
0 0 0 237
0 0 0 31
0 0 0 34
0 0 0 37
0 0 0 39
0 0 0 231
0 0 0 142
0 0 0 246
0 0 0 251
0 0 0 253
0 0 0 256
0 0 0 259
0 0 0 10
0 0 0 14
0 0 0 130
0 0 0 188
0 0 0 295
0 0 0 232
0 0 0 48
0 0 0 186
0 0 0 4
0 0 0 194
0 0 0 191
0 0 0 42
0 0 0 163
0 0 0 261
0 0 0 21
0 0 0 210
0 0 0 148
0 0 0 144
0 0 0 175
0 0 0 71
0 0 0 68
0 0 0 66
0 0 0 135
0 0 0 73
0 0 0 69
0 0 0 240
0 0 0 242
0 0 0 244
0 0 0 246
0 0 0 32
0 0 0 283
0 0 0 264
0 0 0 159
0 0 0 13
0 0 0 90
0 0 0 92
0 0 0 212
0 0 0 145
0 0 0 220
0 0 0 35
0 0 0 108
0 0 0 258
0 0 0 164
0 0 0 189
0 0 0 101
0 0 0 286
0 0 0 239
0 0 0 128
0 0 0 206
0 0 0 45
0 0 0 250
0 0 0 20
0 0 0 27
0 0 0 239
0 0 0 79
0 0 0 4
0 0 0 92
0 0 0 201
0 0 0 106
0 0 0 108
0 0 0 221
0 0 0 138
0 0 0 55
0 0 0 281
0 0 0 274
0 0 0 16
0 0 0 237
0 0 0 131
0 0 0 182
0 0 0 85
0 0 0 228
0 0 0 114
0 0 0 220
0 0 0 274
0 0 0 136
0 0 0 217
0 0 0 172
0 0 0 169
0 0 0 72
0 0 0 280
0 0 0 58
0 0 0 267
0 0 0 19
0 0 0 21
0 0 0 233
0 0 0 31
0 0 0 247
0 0 0 244
0 0 0 284
0 0 0 170
0 0 0 292
0 0 0 104
0 0 0 295
0 0 0 148
0 0 0 7
0 0 0 241
0 0 0 78
0 0 0 224
0 0 0 134
0 0 0 249
0 0 0 251
0 0 0 247
0 0 0 276
0 0 0 15
0 0 0 77
0 0 0 242
0 0 0 48
0 0 0 157
0 0 0 201
0 0 0 39
0 0 0 253
0 0 0 109
0 0 0 112
0 0 0 220
0 0 0 97
0 0 0 263
0 0 0 66
0 0 0 1
0 0 0 109
0 0 0 225
0 0 0 11
0 0 0 77
0 0 0 217
0 0 0 179
0 0 0 156
0 0 0 218
0 0 0 161
0 0 0 287
0 0 0 115
0 0 0 219
0 0 0 140
0 0 0 136
0 0 0 67
0 0 0 51
0 0 0 49
0 0 0 71
0 0 0 179
0 0 0 202
0 0 0 53
0 0 0 113
0 0 0 258
0 0 0 45
0 0 0 184
0 0 0 187
0 0 0 40
0 0 0 264
0 0 0 142
0 0 0 185
0 0 0 53
0 0 0 203
0 0 0 101
0 0 0 106
0 0 0 255
0 0 0 8
0 0 0 42
0 0 0 32
0 0 0 221
0 0 0 218
0 0 0 296
0 0 0 79
0 0 0 291
0 0 0 163
0 0 0 272
0 0 0 255
0 0 0 176
0 0 0 172
0 0 0 283
0 0 0 81
0 0 0 26
0 0 0 22
0 0 0 19
0 0 0 123
0 0 0 16
0 0 0 111
0 0 0 267
0 0 0 225
0 0 0 168
0 0 0 166
0 0 0 241
0 0 0 49
0 0 0 229
0 0 0 132
0 0 0 233
0 0 0 125
0 0 0 18
0 0 0 175
0 0 0 83
0 0 0 293
0 0 0 290
0 0 0 265
0 0 0 62
0 0 0 118
0 0 0 290
0 0 0 204
0 0 0 210
0 0 0 146
0 0 0 143
0 0 0 216
0 0 0 164
0 0 0 20
0 0 0 97
0 0 0 257
0 0 0 22
0 0 0 130
0 0 0 230
0 0 0 19
0 0 0 132
0 0 0 216
0 0 0 138
0 0 0 199
0 0 0 107
0 0 0 294
0 0 0 244
0 0 0 24
0 0 0 168
0 0 0 34
0 0 0 154
0 0 0 43
0 0 0 107
0 0 0 98
0 0 0 219
0 0 0 292
0 0 0 238
0 0 0 221
0 0 0 42
0 0 0 48
0 0 0 204
0 0 0 149
0 0 0 209
0 0 0 64
0 0 0 61
0 0 0 58
0 0 0 195
0 0 0 181
0 0 0 178
0 0 0 252
0 0 0 146
0 0 0 65
0 0 0 273
0 0 0 149
0 0 0 276
0 0 0 274
0 0 0 158
0 0 0 163
0 0 0 259
0 0 0 169
0 0 0 200
0 0 0 213
0 0 0 138
0 0 0 60
0 0 0 199
0 0 0 194
0 0 0 128
0 0 0 242
0 0 0 26
0 0 0 55
0 0 0 201
255 255 0 79
0 0 0 275
0 0 0 155
0 0 0 26
0 0 0 228
0 0 0 133
0 0 0 56
0 0 0 103
0 0 0 181
0 0 0 184
0 0 0 102
0 0 0 294
0 0 0 116
0 0 0 285
0 0 0 107
0 0 0 259
0 0 0 4
0 0 0 235
0 0 0 18
0 0 0 272
0 0 0 173
0 0 0 258
0 0 0 143
0 0 0 140
0 0 0 197
0 0 0 147
0 0 0 279
0 0 0 104
0 0 0 293
0 0 0 209
0 0 0 288
0 0 0 159
0 0 0 108
0 0 0 92
0 255 255 201
0 255 255 90
0 0 0 207
0 0 0 60
0 0 0 23
0 0 0 80
0 0 0 273
0 0 0 139
0 0 0 277
0 0 0 241
0 0 0 36
0 0 0 75
0 0 0 71
0 0 0 172
0 0 0 11
0 0 0 127
0 0 0 140
0 0 0 268
0 0 0 271
0 0 0 213
0 0 0 134
0 0 0 222
0 0 0 82
0 0 0 272
0 0 0 207
0 0 0 159
0 0 0 41
0 0 0 180
0 0 0 20
0 0 0 175
0 0 0 257
0 0 0 5
0 0 0 48
0 0 0 28
0 0 0 228
0 0 0 51
0 0 0 164
0 0 0 167
0 0 0 52
0 0 0 49
0 0 0 200
0 0 0 110
0 0 0 290
0 0 0 240
0 0 0 268
0 0 0 76
0 0 0 223
0 0 0 14
255 0 255 4
0 0 0 155
0 0 0 265
0 0 0 267
0 0 0 39
0 0 0 195
0 0 0 152
0 0 0 227
0 0 0 137
0 0 0 61
0 0 0 3
0 0 0 239
0 0 0 242
0 0 0 257
0 0 0 109
0 0 0 218
0 0 0 215
0 0 0 211
0 0 0 208
0 0 0 147
0 0 0 156
0 0 0 252
255 0 255 68
255 255 0 110
255 0 255 197
0 255 255 155
0 0 255 83
0 255 255 203
0 0 0 165
0 0 0 48
0 0 0 101
0 0 0 198
0 0 0 161
0 0 0 266
0 0 0 263
0 0 0 169
0 0 0 212
0 0 0 112
0 0 0 114
0 0 0 44
0 0 0 47
0 0 0 247
0 0 0 24
0 0 0 79
0 0 0 278
0 0 0 281
0 0 0 162
0 0 0 217
0 0 0 29
0 0 0 79
0 0 0 222
0 0 0 127
0 0 0 240
0 0 0 67
0 0 0 212
0 0 0 13
0 0 0 224
0 0 0 30
0 0 0 254
0 0 0 141
0 0 0 77
0 0 0 283
0 0 0 38
0 0 0 200
0 0 0 282
0 0 0 98
0 0 0 190
0 0 0 188
0 0 0 165
0 0 0 37
0 0 0 202
0 0 0 137
0 0 0 275
0 0 0 298
0 0 0 77
0 0 0 210
0 0 0 175
0 0 0 271
0 0 0 19
0 0 0 258
0 0 0 271
0 0 0 165
0 0 0 41
0 0 0 193
0 0 0 52
0 0 0 209
0 0 0 101
0 0 0 195
0 0 0 49
0 0 0 161
0 0 0 164
0 0 0 87
0 0 0 180
0 0 0 46
0 0 0 234
0 0 0 260
0 0 0 262
0 0 0 141
0 0 0 58
0 0 0 264
0 0 0 101
0 0 0 192
0 0 0 59
0 0 0 139
0 0 0 211
0 0 0 283
0 0 0 142
0 0 0 193
0 0 0 6
0 0 0 90
0 0 0 113
0 0 0 47
0 0 0 229
0 0 0 232
0 0 0 88
0 0 0 34
0 0 0 269
0 0 0 266
0 0 0 228
0 0 0 11
0 0 0 14
0 0 0 133
0 0 0 131
0 0 0 129
0 0 0 23
0 0 0 229
0 0 0 285
0 0 0 287
0 0 0 84
0 0 0 185
0 0 0 176
0 0 0 216
0 0 0 106
0 0 0 286
0 0 0 289
0 0 0 54
0 0 0 8
0 0 0 196
0 0 0 13
0 0 0 238
0 0 0 70
0 0 0 31
0 0 0 180
0 255 255 296
0 0 0 81
0 0 0 277
0 0 0 274
0 0 0 278
0 0 0 136
0 0 0 133
0 0 0 261
0 0 0 107
0 0 0 203
0 0 0 225
0 0 0 77
0 0 0 16
0 0 0 95
0 0 0 260
0 0 0 42
0 0 0 230
0 0 0 141
0 0 0 215
0 0 0 296
0 0 0 293
0 0 0 117
0 0 0 54
0 0 0 202
0 0 0 89
0 0 0 86
0 0 0 295
0 0 0 226
0 0 0 157
0 0 0 158
0 0 0 111
0 0 0 118
255 255 0 92
0 0 0 292
0 0 0 245
0 0 0 143
0 0 0 275
0 0 0 15
0 0 0 187
0 0 0 72
0 0 0 2
0 0 0 76
0 0 0 285
0 0 0 74
0 0 0 164
0 0 0 255
0 0 0 145
0 0 0 228
0 0 0 281
0 0 0 146
0 0 0 215
0 0 0 270
0 0 0 151
0 0 0 235
0 0 0 239
0 0 0 25
0 0 0 127
0 0 0 204
0 0 0 267
0 0 0 160
0 0 0 200
0 0 0 56
0 0 0 58
0 0 0 111
0 0 0 297
0 0 0 221
0 0 0 128
0 0 0 190
0 0 0 162
0 0 0 264
0 0 0 241
0 0 0 252
0 0 0 43
0 0 0 223
0 0 0 219
0 0 0 80
0 0 0 174
0 0 0 225
0 0 0 296
0 0 0 116
0 0 0 7
0 0 0 10
0 0 0 220
0 0 0 24
0 0 0 211
0 0 0 287
0 0 0 68
0 0 0 204
0 0 0 155
0 0 0 113
0 0 0 229
0 0 0 50
0 0 0 160
0 0 0 11
0 0 0 280
0 0 0 101
0 0 0 97
0 0 0 94
0 0 0 93
0 0 0 205
0 0 0 96
0 0 0 250
0 0 0 106
0 0 0 210
0 0 0 51
0 0 0 49
0 0 0 53
0 0 0 206
0 0 0 208
0 0 0 78
0 0 0 214
0 0 0 60
0 0 0 101
0 0 0 153
0 0 0 276
0 0 0 79
0 0 0 75
0 0 0 45
0 0 0 244
0 0 0 246
0 0 0 12
0 0 0 239
0 0 0 282
0 0 0 79
0 0 0 36
0 0 0 39
0 0 0 245
0 0 0 170
0 0 0 90
0 0 0 176
0 0 0 178
0 0 0 17
0 0 0 121
0 0 0 189
0 0 0 294
0 0 0 227
0 0 0 150
0 0 0 140
0 0 0 210
0 0 0 182
0 0 0 201
0 0 0 48
0 0 0 188
0 0 0 102
0 0 0 182
0 0 0 265
0 0 0 282
0 0 0 143
0 0 0 3
0 0 0 151
0 0 0 277
0 0 0 175
0 0 0 156
0 0 0 112
0 0 0 91
0 0 0 213
0 0 0 144
0 0 0 5
0 0 0 37
0 0 0 232
0 0 0 262
0 0 0 291
0 0 0 289
0 0 0 79
0 0 0 82
0 0 0 185
0 0 0 149
0 0 0 27
0 0 0 43
0 0 0 115
0 0 0 298
0 0 0 73
0 0 0 52
0 0 0 273
0 0 0 159
0 0 0 110
0 0 0 268
0 0 0 38
0 0 0 41
0 0 0 231
0 0 0 264
0 0 0 167
0 0 0 209
0 0 255 48
0 0 0 10
0 0 0 254
0 0 0 176
0 0 0 288
0 0 0 73
0 0 0 217
0 0 0 16
0 0 0 32
0 0 0 133
0 0 0 231
0 0 0 127
0 0 0 143
0 0 0 268
0 0 0 101
0 0 0 29
0 0 0 31
0 0 0 34
0 0 0 37
0 0 0 105
0 0 0 248
0 0 0 146
0 0 0 292
0 0 0 37
0 0 0 69
0 0 0 55
0 0 0 191
0 0 0 188
0 0 0 122
0 0 0 6
0 0 0 145
0 0 0 191
0 0 0 32
0 0 0 236
0 0 0 285
0 0 0 283
0 0 0 226
0 0 0 163
0 0 0 46
0 0 0 236
0 0 0 17
0 0 0 94
0 0 0 190
0 0 0 293
0 0 0 79
0 0 0 270
0 0 0 22
0 0 0 75
0 0 0 186
0 0 0 134
0 0 0 75
0 0 0 18
0 0 0 131
0 0 0 129
0 0 0 248
0 0 0 23
0 0 0 213
0 0 0 62
0 0 0 135
0 0 0 212
0 0 0 94
0 0 0 199
0 0 0 203
0 0 0 206
0 0 0 47
0 0 0 49
0 0 0 185
0 0 0 7
0 0 0 120
0 0 0 291
0 0 0 148
0 0 0 277
0 0 0 74
0 0 0 167
0 0 0 186
0 0 0 41
0 0 0 44
0 0 0 201
0 0 0 97
0 0 0 256
0 0 0 259
0 0 0 262
0 0 0 174
0 0 0 176
0 0 0 56
0 0 0 54
0 0 0 200
0 0 0 194
0 0 0 191
0 0 0 248
0 0 0 141
0 0 0 220
0 0 0 285
0 0 0 62
0 0 0 278
0 0 0 230
0 0 0 136
0 0 0 139
0 0 0 70
0 0 0 263
0 0 0 255
0 0 0 45
0 0 0 164
0 0 0 272
0 0 0 274
0 0 0 147
0 0 0 211
0 0 0 7
0 0 0 222
0 0 0 229
0 0 0 266
0 0 0 131
0 0 0 129
0 0 0 71
0 0 0 68
0 0 0 65
255 0 255 214
0 0 0 199
0 0 0 99
0 0 0 196
0 0 0 176
0 0 0 172
0 0 0 169
0 0 0 221
0 0 0 218
0 0 0 72
0 0 0 246
0 0 0 94
0 0 0 261
0 0 0 234
0 0 0 36
0 0 0 171
0 0 0 87
0 0 0 90
0 0 0 240
0 0 0 30
0 0 0 181
0 0 0 184
0 0 0 187
0 0 0 131
0 0 0 129
0 0 0 231
0 0 0 35
0 0 0 285
0 0 0 203
0 0 0 43
0 0 0 220
0 0 0 132
0 0 0 11
0 0 0 241
0 0 0 24
0 0 0 226
0 0 0 138
0 0 0 224
0 0 0 152
0 0 0 189
0 0 0 96
0 0 0 284
0 0 0 79
0 0 0 251
0 0 0 253
0 0 0 256
0 0 0 41
0 0 0 263
0 0 0 4
0 0 0 7
0 0 0 32
0 0 0 271
0 0 0 178
0 0 0 181
0 0 0 251
0 0 0 247
0 0 0 244
0 0 0 243
0 0 0 81
0 0 0 13
0 0 0 95
0 0 0 145
0 0 0 61
0 0 0 191
0 0 0 102
0 0 0 179
0 0 0 294
0 0 0 106
0 0 0 109
0 0 0 216
0 0 0 295
0 0 0 173
0 0 0 70
0 0 0 21
0 0 0 163
0 0 0 71
0 0 0 273
0 0 0 161
0 0 0 109
0 0 0 209
0 0 0 78
0 0 0 297
0 0 0 242
0 0 0 41
0 0 0 222
0 0 0 78
0 0 0 144
0 0 0 199
0 0 0 130
0 0 0 214
0 0 0 211
0 0 0 63
0 0 0 128
0 0 0 238
0 0 0 53
0 0 0 290
0 0 0 221
0 0 0 154
0 0 0 157
0 0 0 4
0 0 0 124
0 0 0 249
0 0 0 11
0 0 0 150
0 0 0 5
0 0 0 154
0 0 0 276
0 0 0 226
0 0 0 50
0 0 0 110
0 0 0 197
0 0 0 57
0 0 0 266
0 0 0 222
0 0 0 107
0 0 0 255
0 0 0 162
0 0 0 39
0 0 0 223
0 0 0 279
0 0 0 136
0 0 0 228
0 0 0 239
0 0 0 259
255 0 255 165
255 255 0 205
0 0 0 167
0 0 0 169
0 0 0 223
0 0 0 21
0 0 0 95
0 0 0 257
0 0 0 23
0 0 0 221
0 0 0 76
0 0 0 43
0 0 0 155
0 0 0 48
0 0 0 224
0 0 0 165
0 0 0 44
0 0 0 13
0 0 0 230
0 0 0 5
0 0 0 186
0 0 0 87
0 0 0 203
0 0 0 177
0 0 0 166
0 0 0 36
0 0 0 251
0 0 0 96
0 0 0 149
0 0 0 247
0 0 0 71
0 0 0 281
0 0 0 279
0 0 0 15
0 0 0 17
0 0 0 19
0 0 0 234
0 0 0 163
0 0 0 245
0 0 0 158
0 0 0 118
0 0 0 120
0 0 0 97
0 0 0 246
0 0 0 140
0 0 0 60
0 0 0 59
0 0 0 200
0 0 0 98
0 0 0 117
0 0 0 15
0 0 0 132
0 0 0 272
0 0 0 269
0 0 0 266
0 0 0 263
0 0 0 164
0 0 0 289
0 0 0 58
0 0 0 235
0 0 0 34
0 0 0 215
0 0 0 214
0 0 0 174
0 0 0 218
0 0 0 99
0 0 0 30
0 0 0 256
0 0 0 6
0 0 0 265
0 0 0 226
0 0 0 144
0 0 0 125
0 0 0 234
0 0 0 288
0 0 0 285
255 255 0 188
0 0 0 151
0 0 0 204
0 0 0 109
0 0 0 91
0 0 0 175
0 0 0 24
0 0 0 182
0 0 0 74
0 0 0 73
0 0 0 211
0 0 0 279
0 0 0 83
0 0 0 271
0 0 0 171
0 0 0 198
0 0 0 100
0 0 0 194
0 0 0 191
0 0 0 188
0 0 0 186
0 0 0 34
0 0 0 252
0 0 0 105
0 0 0 286
0 0 0 73
0 0 0 172
0 0 0 220
0 0 0 96
0 0 0 258
0 0 0 284
0 0 0 75
0 0 0 71
0 0 0 9
0 0 0 66
0 0 0 226
0 0 0 18
0 0 0 57
0 0 0 208
0 0 0 193
0 0 0 31
0 0 0 134
0 0 0 205
0 0 0 288
0 0 0 299
0 0 0 272
0 0 0 86
0 0 0 228
0 0 0 293
0 0 0 191
0 0 0 220
0 0 0 81
0 0 0 282
0 0 0 252
0 0 0 57
0 0 0 142
0 0 0 208
0 0 0 116
0 0 0 113
0 0 0 293
0 0 0 101
0 0 0 217
0 0 0 96
255 0 255 71
0 0 0 279
0 0 0 164
0 0 0 156
0 0 0 269
0 0 0 56
0 0 0 54
0 0 0 243
0 0 0 73
0 0 0 7
0 0 0 172
0 0 0 82
0 0 0 280
0 0 0 218
0 0 0 215
0 0 0 133
0 0 0 236
0 0 0 233
0 0 0 40
0 0 0 38
0 0 0 163
0 0 0 12
0 0 0 118
0 0 0 267
0 0 0 60
0 0 0 121
0 0 0 119
0 0 0 299
0 0 0 76
0 0 0 199
0 0 0 197
0 0 0 86
0 0 0 35
0 0 0 173
0 0 0 102
0 0 0 186
0 0 0 147
0 0 0 278
0 0 0 245
0 0 0 15
0 0 0 240
0 0 0 125
0 0 0 196
0 0 0 6
0 0 0 26
0 0 0 28
0 0 0 257
0 0 0 127
0 0 0 124
0 0 0 217
0 0 0 175
0 0 0 43
0 0 0 201
0 0 0 58
0 0 0 248
0 0 0 128
0 0 0 131
0 0 0 198
0 0 0 40
0 0 0 161
0 0 0 157
0 0 0 274
0 0 0 242
0 0 0 244
0 0 0 101
0 0 0 25
0 0 0 216
0 0 0 207
0 0 0 287
0 0 0 178
0 0 0 130
0 0 0 237
0 0 0 71
0 0 0 68
0 0 0 229
0 0 0 232
0 0 0 26
0 0 0 59
0 0 0 103
0 0 0 106
0 0 0 291
0 0 0 250
0 0 0 283
0 0 0 281
0 0 0 279
255 255 0 172
255 255 0 124
255 255 0 141
0 0 255 179
0 0 255 161
0 0 0 143
0 0 0 77
0 0 0 224
0 0 0 145
0 0 0 286
0 0 0 166
0 0 0 184
0 0 0 187
0 0 0 47
0 0 0 44
0 0 0 227
0 0 0 19
0 0 0 23
0 0 0 236
0 0 0 239
0 0 0 8
0 0 0 25
0 0 0 168
0 0 0 251
0 0 0 128
0 0 0 216
0 0 0 30
0 0 0 73
0 0 0 214
0 0 0 108
0 0 0 3
0 0 0 90
0 0 0 92
0 0 0 93
0 0 0 192
0 0 0 273
0 0 0 249
0 0 0 3
0 0 0 1
0 0 0 70
0 0 0 63
0 0 0 100
0 0 0 256
0 0 0 259
0 0 0 15
0 0 0 220
0 0 0 72
0 0 0 295
0 0 0 78
0 0 0 135
0 0 0 232
0 0 0 128
0 0 0 14
0 0 0 17
0 0 0 239
0 0 0 242
0 0 0 6
0 0 0 52
0 0 0 36
0 0 0 118
0 0 0 224
0 0 0 155
0 0 0 213
0 0 0 109
0 0 0 112
0 0 0 256
0 0 0 106
0 0 0 283
0 0 0 70
0 0 0 228
0 0 0 165
0 0 0 167
0 0 0 200
0 0 0 137
0 0 0 154
0 0 0 150
0 0 0 271
0 0 0 221
0 0 0 218
0 0 0 155
0 0 0 46
0 0 0 239
0 0 0 35
0 0 0 150
0 0 0 85
0 0 0 149
0 0 0 8
0 0 0 123
0 0 0 21
0 0 0 208
0 0 0 176
0 0 0 82
0 0 0 242
0 0 0 62
0 0 0 288
0 0 0 50
0 0 0 37
0 0 0 190
0 0 0 155
0 0 0 230
0 0 0 84
0 0 0 225
0 0 0 167
0 0 0 240
0 0 0 76
0 0 0 277
0 0 0 103
0 0 0 47
0 0 0 253
0 0 0 104
0 0 0 220
0 0 0 142
0 0 0 191
0 0 0 127
0 0 0 224
0 0 0 111
0 0 0 254
0 0 0 74
0 0 0 213
0 0 0 159
0 0 0 209
0 0 0 141
0 0 0 228
0 0 0 38
0 0 0 255
0 0 0 35
0 0 0 270
0 0 0 62
0 0 0 56
0 0 0 53
0 0 0 163
0 0 0 204
0 0 0 4
0 0 0 7
0 0 0 10
0 0 0 14
0 0 0 261
0 0 0 298
0 0 0 240
0 0 0 37
0 0 0 77
0 0 0 196
0 0 0 45
0 0 0 94
0 0 0 186
0 0 0 135
0 0 0 215
0 0 0 138
0 0 0 231
0 0 0 4
0 0 0 246
0 0 0 30
0 0 0 272
0 0 0 55
0 0 0 236
0 0 0 77
0 0 0 174
0 0 0 294
0 0 0 297
0 0 0 262
0 0 0 99
0 0 0 101
0 0 0 122
0 0 0 223
0 0 0 180
0 0 0 197
0 0 0 102
0 0 0 243
0 0 0 295
0 0 0 75
0 0 0 77
0 0 0 199
0 0 0 91
0 0 0 98
0 0 0 209
0 0 0 150
0 0 0 25
0 0 0 157
0 0 0 268
0 0 0 82
0 0 0 146
0 0 0 143
0 0 0 140
0 0 0 136
0 0 0 132
0 0 0 239
0 0 0 126
0 0 0 20
0 0 0 226
0 0 0 26
0 0 0 22
0 0 0 19
0 0 0 175
0 0 0 51
0 0 0 170
0 0 0 41
0 0 0 183
0 0 0 16
0 0 0 229
0 0 0 163
0 0 0 52
0 0 0 244
0 0 0 246
0 0 0 169
0 0 0 171
0 0 0 221
0 0 0 71
0 0 0 214
0 0 0 59
0 0 0 133
0 0 0 70
0 0 0 162
0 0 0 247
0 0 0 137
0 0 0 58
0 0 0 287
0 0 0 198
0 0 0 207
0 0 0 130
0 0 0 224
0 0 0 296
0 0 0 293
0 0 0 290
0 0 0 286
0 0 0 283
0 0 0 13
0 0 0 245
0 0 0 79
0 0 0 281
0 0 0 274
0 0 0 144
0 0 0 243
0 0 0 5
0 0 0 53
0 0 0 227
0 0 0 10
0 0 0 157
0 0 0 111
0 0 0 202
0 0 0 38
0 0 0 108
0 0 0 219
0 0 0 138
0 0 0 236
0 0 0 42
0 0 0 156
0 0 0 275
0 0 0 81
0 0 0 181
0 0 0 184
0 0 0 42
0 0 0 108
0 0 0 263
0 0 0 132
0 0 0 71
0 0 0 197
0 0 0 194
0 0 0 191
0 0 0 17
0 0 0 205
0 0 0 148
0 0 0 66
0 0 0 64
0 0 0 61
0 0 0 200
0 0 0 45
0 0 0 7
0 0 255 115
0 0 0 178
0 0 0 206
0 0 0 199
0 0 0 286
0 0 0 118
0 0 0 88
0 0 0 194
0 0 0 102
0 0 0 190
0 0 0 56
0 0 0 212
0 0 0 78
0 0 0 5
0 0 0 200
0 0 0 2
0 0 0 153
0 0 0 5
0 0 0 170
0 0 0 275
0 0 0 231
0 0 0 288
0 0 0 114
0 0 0 277
0 0 0 246
0 0 0 255
0 0 0 15
0 0 0 123
0 0 0 96
0 0 0 210
0 0 0 208
0 0 0 170
0 0 0 67
0 0 0 288
0 0 0 99
0 0 0 257
0 0 0 21
0 0 0 62
0 0 0 238
0 0 0 28
0 0 0 31
0 0 0 34
0 0 0 226
0 0 0 68
0 0 0 252
0 0 0 110
0 0 0 216
0 0 0 168
0 0 0 44
0 0 0 41
0 0 0 237
0 0 0 155
0 0 0 118
0 0 0 50
0 0 0 198
0 0 0 166
0 0 0 162
0 0 0 260
0 0 0 52
0 0 0 248
0 0 0 274
0 0 0 278
0 0 0 281
0 0 0 68
0 0 0 163
0 0 0 236
0 0 0 131
0 0 0 144
0 0 0 219
0 0 0 134
0 0 0 64
0 0 0 275
0 0 0 34
0 0 0 190
0 0 0 76
0 0 0 233
0 0 0 121
0 0 0 295
0 0 0 263
0 0 0 98
0 0 0 179
0 0 0 233
0 0 0 89
0 0 0 92
0 0 0 275
0 0 0 134
0 0 0 235
0 0 0 24
0 0 0 56
0 0 0 288
0 0 0 177
0 0 0 143
0 0 0 207
0 0 0 291
0 0 0 160
0 0 0 43
0 0 0 182
0 0 0 89
0 0 0 1
0 0 0 62
0 0 0 195
0 0 0 187
0 0 0 106
0 0 0 267
0 0 0 159
0 0 0 115
0 0 0 232
0 0 0 235
0 0 0 69
0 0 0 287
0 0 0 215
0 0 0 197
0 0 0 83
0 0 0 274
0 0 0 269
0 0 0 266
0 0 0 160
0 0 0 110
0 0 0 2
0 0 0 250
0 0 0 40
0 0 0 48
0 0 0 205
0 0 0 101
0 0 0 107
0 0 0 266
0 0 0 72
0 0 0 278
0 0 0 235
0 0 0 139
0 0 0 57
0 0 0 240
0 0 0 16
0 0 0 211
0 0 0 28
0 0 0 188
0 0 0 6
0 0 0 149
0 0 0 256
0 0 0 83
0 0 0 29
0 0 0 194
0 0 0 47
0 0 0 115
0 0 0 11
0 0 0 253
0 0 0 31
0 0 0 8
0 0 0 89
0 0 0 189
0 0 0 105
0 0 0 278
0 0 0 97
0 0 0 182
0 0 0 292
0 0 0 112
0 0 0 113
0 0 0 222
0 0 0 132
0 0 0 259
0 0 0 262
0 0 0 171
0 0 0 119
0 0 0 116
0 0 0 216
0 0 0 283
0 0 0 155
0 0 0 29
0 0 0 273
255 0 255 4
0 0 0 74
0 0 0 208
0 0 0 45
0 0 0 205
0 0 0 237
0 0 0 18
0 0 0 111
0 0 0 264
0 0 0 9
0 0 0 221
0 0 0 43
0 0 0 248
0 0 0 131
0 0 0 124
0 0 0 155
0 0 255 128
0 0 0 270
0 0 0 120
0 0 0 66
0 0 0 18
0 0 0 161
0 0 0 265
0 0 0 166
0 0 0 210
0 0 0 68
0 0 0 32
0 0 0 176
0 0 0 172
0 0 0 169
0 0 0 209
0 0 0 177
0 0 0 69
0 0 0 206
0 0 0 199
0 0 0 126
0 0 0 226
0 0 0 193
0 0 0 91
0 0 0 84
0 0 0 226
0 0 0 40
0 0 0 254
0 0 0 91
0 0 0 145
0 0 0 211
0 0 0 136
0 0 0 62
0 0 0 210
0 0 0 93
0 0 0 95
0 0 0 253
0 0 0 251
0 0 0 179
0 0 0 129
0 0 0 261
0 0 0 175
0 0 0 21
0 0 0 280
0 0 0 298
0 0 0 219
0 0 0 165
0 0 0 200
255 0 255 118
0 0 0 285
0 0 0 243
0 0 0 16
0 0 0 167
0 0 0 164
0 0 0 225
0 0 0 27
0 0 0 128
0 0 0 249
0 0 0 35
0 0 0 37
0 0 0 269
0 0 0 266
0 0 0 263
0 0 0 128
0 0 0 255
0 0 0 291
0 0 0 119
0 0 0 85
0 0 0 9
0 0 0 77
0 0 0 14
0 0 0 92
0 0 0 172
0 0 0 186
0 0 0 81
0 0 0 75
0 0 0 71
0 0 0 202
0 0 0 40
0 0 0 154
0 0 0 1
0 0 0 67
0 0 0 230
0 0 0 138
0 0 0 243
0 0 0 69
0 0 0 279
0 0 0 51
0 0 0 49
0 0 0 186
0 0 0 180
0 0 0 86
0 0 0 296
0 0 0 293
0 0 0 87
0 0 0 278
0 0 0 212
0 0 0 91
0 0 0 247
0 0 0 251
0 0 0 107
0 0 0 184
0 0 0 287
0 0 0 117
0 0 0 169
0 0 0 236
0 0 0 52
0 0 0 109
255 0 255 196
0 0 0 2
0 0 0 141
0 0 0 214
0 0 0 297
0 0 0 120
0 0 0 190
0 0 0 30
0 0 0 51
0 0 0 237
0 0 0 272
0 0 0 147
0 0 0 146
0 0 0 143
0 0 0 248
0 0 0 135
0 0 0 282
0 0 0 14
0 0 0 125
0 0 0 152
0 0 0 33
0 0 0 89
0 0 0 242
0 0 0 160
0 0 0 272
0 0 0 46
0 0 0 172
0 0 0 75
0 0 0 269
0 0 0 123
0 0 0 178
0 0 0 176
0 0 0 2
0 0 0 86
0 0 0 58
0 0 0 61
0 0 0 22
0 0 0 160
0 0 0 239
0 0 0 16
0 0 0 76
0 0 0 242
0 0 0 10
0 0 0 14
0 0 0 152
0 0 0 203
0 0 0 24
0 0 0 212
0 0 0 156
0 255 255 296
0 0 0 233
0 0 0 78
0 0 0 285
0 0 0 141
0 0 0 130
0 0 0 13
0 0 0 206
0 0 0 111
0 0 0 233
0 0 0 58
0 0 0 261
0 0 0 243
0 0 0 290
0 0 0 286
0 0 0 95
0 0 0 264
0 0 0 271
0 0 0 205
0 0 0 72
0 0 0 299
0 0 0 154
0 0 0 157
0 0 0 28
0 0 0 218
0 0 0 193
0 0 0 4
0 0 0 7
0 0 0 61
0 0 0 121
0 0 0 211
0 0 0 208
0 0 0 108
0 0 0 224
0 0 0 42
0 0 0 153
0 0 0 31
0 0 0 238
0 0 0 299
0 0 0 184
0 0 0 187
0 0 0 18
0 0 0 91
0 0 0 237
0 0 0 163
0 0 0 295
0 0 0 63
0 0 0 167
0 0 0 197
0 0 0 55
0 0 0 140
0 0 0 213
0 0 0 55
0 0 0 34
0 0 0 200
0 0 0 261
0 0 0 231
0 0 0 186
0 0 0 105
0 0 0 31
0 0 0 95
0 0 0 203
0 0 0 156
0 0 0 268
0 0 0 147
0 0 0 93
0 0 0 97
0 0 0 118
0 0 0 255
0 0 0 157
0 0 0 280
0 0 0 262
0 0 0 38
0 0 0 166
0 0 0 249
0 0 0 127
0 0 0 124
0 0 0 128
0 0 0 67
0 0 0 234
0 0 0 55
0 0 0 2
0 0 0 115
0 0 0 228
0 0 0 221
0 0 0 218
0 0 0 70
0 0 0 76
0 0 0 266
0 0 0 65
0 0 0 233
0 0 0 26
0 0 0 192
0 0 0 102
0 0 0 293
0 0 0 144
0 0 0 61
0 0 0 214
0 0 0 211
0 0 0 142
0 0 0 282
0 0 0 291
0 0 0 80
0 0 0 82
0 0 0 229
0 0 0 232
0 0 0 158
0 0 0 48
0 0 0 268
0 0 0 5
0 0 0 258
0 0 0 105
0 0 0 204
0 0 0 85
0 0 0 189
0 0 0 228
0 0 0 298
0 0 0 117
0 0 0 240
0 0 0 21
0 0 0 236
0 0 0 295
0 0 0 191
0 0 0 188
0 0 0 57
0 0 0 268
0 0 0 178
0 0 0 181
0 0 0 184
0 0 0 261
0 0 0 49
0 0 0 53
0 0 0 82
0 0 0 179
0 0 0 56
0 0 0 173
0 0 0 145
0 0 0 90
0 0 0 174
0 0 0 101
0 0 0 223
0 0 0 121
0 0 0 16
0 0 0 219
0 0 0 33
0 0 0 173
0 0 0 281
0 0 0 96
0 0 0 195
0 0 0 51
0 0 0 10
0 0 0 124
0 0 0 122
0 0 0 119
0 0 0 282
0 0 0 94
0 0 0 170
0 0 0 87
0 0 0 254
0 0 0 242
0 0 0 46
0 0 0 116
0 0 0 113
0 0 0 67
0 0 0 260
0 0 0 210
0 0 0 74
0 0 0 217
0 0 0 127
0 0 0 150
0 0 0 238
0 0 0 36
0 0 0 82
0 0 0 294
0 0 0 206
0 0 0 199
0 0 0 46
0 0 0 246
0 0 0 100
0 0 0 267
0 0 0 148
0 0 0 102
0 0 0 279
0 0 0 35
0 0 0 6
0 0 0 207
0 0 0 284
0 0 0 154
0 0 0 7
0 0 0 64
0 0 0 143
0 0 0 203
0 0 0 88
0 0 0 184
0 0 0 30
0 0 0 22
0 0 0 142
0 0 0 277
0 0 0 153
0 0 0 183
0 0 0 50
0 0 0 201
0 0 0 112
0 0 0 17
0 0 0 227
0 0 0 192
0 0 0 246
0 0 0 69
0 0 0 198
0 0 0 97
0 0 0 101
0 0 0 201
0 0 0 47
0 0 0 159
0 0 0 248
0 0 0 13
0 0 0 264
0 0 0 294
0 0 0 66
0 0 0 3
0 0 0 195
0 0 0 115
0 0 0 167
0 0 0 169
0 0 0 77
0 0 0 226
0 0 0 134
0 0 0 138
0 0 0 288
0 0 0 20
0 0 0 45
0 0 0 37
0 0 0 233
0 0 0 126
0 0 0 298
0 0 0 222
0 0 0 160
0 0 0 164
0 0 0 260
0 0 0 39
0 0 0 218
0 0 0 166
0 0 0 187
0 0 0 73
0 0 0 233
0 0 0 139
0 0 0 95
0 0 0 276
0 0 0 239
0 0 0 236
0 0 0 260
0 0 0 130
0 0 0 248
0 0 0 96
0 0 0 43
0 0 0 152
0 0 0 44
0 0 0 41
0 0 0 273
0 0 0 217
0 0 0 145
0 0 0 129
0 0 0 29
0 0 0 249
0 0 0 81
0 0 0 297
0 0 0 229
0 0 0 232
0 0 0 38
0 0 0 275
0 0 0 28
0 0 0 27
0 0 0 180
0 0 0 279
0 0 0 229
0 0 0 159
0 0 0 5
0 0 0 108
0 0 0 217
0 0 0 67
0 0 0 53
0 0 0 194
0 0 0 191
0 0 0 15
0 0 0 231
0 0 0 296
0 0 0 117
0 0 0 159
0 0 0 272
0 0 0 174
0 0 0 25
0 0 0 132
0 0 0 276
0 0 0 89
0 0 0 86
0 0 0 194
0 0 0 191
0 0 0 256
0 0 0 259
0 0 0 262
0 0 0 155
0 0 0 188
0 0 0 110
0 0 0 257
0 0 0 237
0 0 0 54
0 0 0 134
0 0 0 239
0 0 0 256
0 0 0 78
0 0 0 205
0 0 0 42
0 0 0 250
0 0 0 51
0 0 0 99
0 0 0 222
0 0 0 142
0 0 0 87
0 0 0 212
0 0 0 72
0 0 0 167
0 0 0 290
0 0 0 147
0 0 0 151
0 0 0 215
0 0 0 293
0 0 0 118
0 0 0 235
0 0 0 287
0 0 0 139
0 0 0 227
0 0 0 39
0 0 0 161
0 0 0 204
0 0 0 93
0 0 0 56
0 0 0 229
0 0 0 127
0 0 0 291
0 0 0 131
0 0 0 129
0 0 0 100
0 0 0 107
0 0 0 245
0 0 0 66
0 0 0 266
0 0 0 180
0 0 0 18
0 0 0 76
0 0 0 205
0 0 0 18
0 0 0 190
0 0 0 48
0 0 0 125
0 0 0 6
0 0 0 1
0 0 0 112
0 0 0 48
0 0 0 230
0 0 0 120
0 0 0 244
0 0 0 246
0 0 0 92
0 0 0 240
0 0 0 80
0 0 0 221
0 0 0 209
0 0 0 183
0 0 0 263
0 0 0 34
0 0 0 37
0 0 0 170
0 0 0 61
0 0 0 18
0 0 0 259
0 0 0 72
0 0 0 219
0 0 0 44
0 0 0 49
0 0 0 277
0 0 0 69
0 0 0 150
0 0 0 199
0 0 0 203
0 0 0 56
0 0 0 136
0 0 0 222
0 0 0 30
0 0 0 232
0 0 0 235
0 0 0 36
0 0 0 248
0 0 0 45
0 0 0 166
0 0 0 89
0 0 0 179
0 0 0 121
0 0 0 228
0 0 0 84
0 0 0 82
0 0 0 198
0 0 0 117
0 0 0 88
0 0 0 213
0 0 0 175
0 0 0 74
0 0 0 46
0 0 0 202
0 0 0 109
0 0 0 199
0 0 0 10
0 0 0 14
0 0 0 18
0 0 0 250
0 0 0 8
0 0 0 236
0 0 0 56
0 0 0 271
0 0 0 134
0 0 0 228
0 0 0 130
0 0 0 216
0 0 0 77
0 0 0 259
0 0 0 298
0 0 0 103
0 0 0 188
0 0 0 128
0 0 0 240
0 0 0 100
0 0 0 219
0 0 0 143
0 0 0 184
0 0 0 96
0 0 0 263
0 0 0 26
0 0 0 279
0 0 0 85
0 0 0 4
0 0 0 7
0 0 0 10
0 0 0 94
0 0 0 252
0 0 0 7
0 0 0 206
0 0 0 207
0 0 0 38
0 0 0 41
0 0 0 71
0 0 0 68
0 0 0 65
0 0 0 270
0 0 0 139
0 0 0 136
0 0 0 132
0 0 0 169
0 0 0 86
0 0 0 294
0 0 0 252
0 0 0 81
0 0 0 285
0 0 0 172
0 0 0 58
0 0 0 144
0 0 0 63
0 0 0 194
0 0 0 126
0 0 0 231
0 0 0 70
0 0 0 244
0 0 0 246
0 0 0 124
0 0 0 237
0 0 0 14
0 0 0 205
0 0 0 135
0 0 0 29
0 0 0 235
0 0 0 25
0 0 0 282
0 0 0 222
0 0 0 170
0 0 0 43
0 0 0 104
0 0 0 225
0 0 0 67
0 0 0 265
0 0 0 162
0 0 0 9
0 0 0 125
0 0 0 71
0 0 0 234
0 0 0 296
0 0 0 147
0 0 0 258
0 0 0 50
0 0 0 267
0 0 0 62
0 0 0 175
0 0 0 182
0 0 0 232
0 0 0 44
0 0 0 160
0 255 255 136
0 0 0 231
0 0 0 166
0 0 0 97
0 0 0 242
0 0 0 106
0 0 0 109
0 0 0 36
0 0 0 203
0 0 0 114
0 0 0 107
0 0 0 218
0 0 0 215
0 0 0 136
0 0 0 204
0 0 0 87
0 0 0 289
0 0 0 286
0 0 0 283
0 0 0 209
0 0 0 59
0 0 0 63
0 0 0 199
0 0 0 58
0 0 0 12
0 0 0 153
0 0 0 194
0 0 0 27
0 0 0 260
0 0 0 99
0 0 0 152
0 0 0 115
0 0 0 278
0 0 0 40
0 0 0 177
0 0 0 38
0 0 0 288
0 0 0 125
0 0 0 60
0 0 0 84
0 0 0 28
0 0 0 254
0 0 0 79
0 0 0 75
0 0 0 71
0 0 0 170
0 0 0 256
0 0 0 253
0 0 0 114
0 0 0 88
0 0 0 233
0 0 0 274
0 0 0 103
0 0 0 106
0 0 0 293
0 0 0 290
0 0 0 210
0 0 0 281
0 0 0 274
0 0 0 95
0 0 0 53
0 0 0 244
0 0 0 246
0 0 0 96
0 0 0 15
0 0 0 281
0 0 0 274
0 0 0 156
0 0 0 123
0 0 0 272
0 0 0 42
0 0 0 202
0 0 0 5
0 0 0 262
0 0 0 165
0 0 0 283
0 0 0 120
0 0 0 186
0 0 0 15
255 255 255 46
255 255 255 218
255 255 255 59
255 255 255 223
255 255 255 65
255 255 255 61
255 255 255 57
255 255 255 224
255 255 255 63
255 255 255 226
255 255 255 54
255 255 255 227
255 255 255 66
255 255 255 56
255 255 255 54
255 255 255 217
255 255 255 60
255 255 255 222
255 255 255 70
255 255 255 53
255 255 255 219
255 255 255 65
255 255 255 229
255 255 255 58
255 255 255 220
255 255 255 68
255 255 255 223
255 255 255 66
255 255 255 255
255 255 255 62
255 255 255 231
255 255 255 55
255 255 255 225
255 255 255 75
255 255 255 230
255 255 255 59
255 255 255 215
255 255 255 63
255 255 255 257
255 255 255 74
255 255 255 264
255 255 255 79
255 255 255 266
255 255 255 77
255 255 255 234
255 255 255 115
255 255 255 284
255 255 255 113
255 255 255 239
255 255 255 120
255 255 255 292
255 255 255 115
255 255 255 235
255 255 255 106
255 255 255 109
255 255 255 112
255 255 255 297
0 0 0 204
0 0 0 77
0 0 0 132
0 0 0 197
0 0 0 85
0 0 0 177
0 0 0 124
0 0 0 212
0 0 0 118
0 0 0 188
0 0 0 163
0 0 0 127
0 0 0 215
0 0 0 211
0 0 0 92
0 0 0 197
0 0 0 70
0 0 0 181
0 0 0 184
0 0 0 187
0 0 0 133
0 0 0 35
0 0 0 236
0 0 0 3
0 0 0 38
0 0 0 296
0 0 0 293
0 0 0 254
0 0 0 46
0 0 0 285
0 0 0 40
255 255 255 123
255 255 255 17
0 0 0 248
0 0 0 271
0 0 0 21
0 0 0 243
0 0 0 237
0 0 0 44
255 255 255 118
255 255 255 289
255 255 255 116
255 255 255 232
255 255 255 57
255 255 255 234
255 255 255 52
255 255 255 49
255 255 255 223
255 255 255 73
255 255 255 222
255 255 255 67
255 255 255 214
255 255 255 64
255 255 255 224
255 255 255 98
255 255 255 277
0 0 0 246
0 0 0 26
0 0 0 223
0 0 0 128
0 0 0 131
0 0 0 276
0 0 0 27
0 0 0 243
0 0 0 34
0 0 0 240
0 0 0 50
0 0 0 159
0 0 0 83
0 0 0 196
0 0 0 148
0 0 0 214
0 0 0 137
0 0 0 189
0 0 0 84
0 0 0 100
0 0 0 178
0 0 0 164
0 0 0 161
0 0 0 192
0 0 0 97
0 0 0 187
0 0 0 90
0 0 0 214
0 0 0 100
0 0 0 168
0 0 0 224
255 255 255 117
255 255 255 3
0 0 0 128
0 0 0 199
0 0 0 113
0 0 0 59
0 0 0 278
0 0 0 17
0 0 0 261
0 0 0 156
0 0 0 267
0 0 0 131
0 0 0 213
0 0 0 111
0 0 0 176
0 0 0 269
0 0 0 266
0 0 0 263
0 0 0 119
0 0 0 116
0 0 0 218
0 0 0 123
255 255 255 125
255 255 255 52
255 255 255 231
255 255 255 111
255 255 255 103
255 255 255 229
255 255 255 60
255 255 255 227
255 255 255 70
255 255 255 48
255 255 255 127
255 255 255 16
0 0 0 226
0 0 0 3
0 0 0 264
0 0 0 285
0 0 0 72
0 0 0 164
0 0 0 82
0 0 0 200
0 0 0 73
0 0 0 196
0 0 0 26
0 0 0 166
255 255 255 124
255 255 255 293
0 0 0 279
0 0 0 23
0 0 0 239
0 0 0 242
0 0 0 8
0 0 0 189
0 0 0 69
0 0 0 207
0 0 0 146
0 0 0 143
0 0 0 140
0 0 0 221
0 0 0 218
0 0 0 77
0 0 0 213
0 0 0 68
0 0 0 102
0 0 0 242
0 0 0 50
0 0 0 19
0 0 0 22
0 0 0 268
0 0 0 282
0 0 0 227
0 0 0 236
0 0 0 48
0 0 0 244
0 0 0 246
0 0 0 19
0 0 0 9
0 0 0 114
0 0 0 219
0 0 0 187
0 0 0 104
0 0 0 151
0 0 0 192
0 0 0 172
0 0 0 169
0 0 0 288
0 0 0 43
0 0 0 234
0 0 0 273
0 0 0 145
0 0 0 203
0 0 0 206
0 0 0 109
0 0 0 292
0 0 0 165
0 0 0 211
0 0 0 74
0 0 0 154
0 0 0 87
0 0 0 193
0 0 0 136
0 0 0 18
0 0 0 51
0 0 0 239
0 0 0 130
0 0 0 221
0 0 0 83
0 0 0 199
0 0 0 96
0 0 0 178
0 0 0 20
0 0 0 245
0 0 0 128
0 0 0 290
0 0 0 70
0 0 0 184
0 0 0 85
0 0 0 1
0 0 0 227
0 0 0 32
0 0 0 244
0 0 0 246
0 0 0 6
0 0 0 254
0 0 0 117
0 0 0 28
0 0 0 159
0 0 0 23
0 0 0 26
0 0 0 151
0 0 0 98
0 0 0 139
0 0 0 140
0 0 0 226
0 0 0 116
0 0 0 180
0 0 0 79
0 0 0 82
0 0 0 207
0 0 0 80
0 0 0 257
0 0 0 40
0 0 0 235
0 0 0 53
0 0 0 268
0 0 0 45
0 0 0 230
0 0 0 30
0 0 0 38
0 0 0 261
0 0 0 110
0 0 0 47
0 0 0 122
0 0 0 57
0 0 0 264
0 0 0 138
0 0 0 105
0 0 0 183
0 0 0 72
0 0 0 209
0 0 0 143
0 0 0 214
0 0 0 27
255 255 255 125
255 255 255 285
255 255 255 114
255 255 255 229
255 255 255 66
255 255 255 249
255 255 255 114
255 255 255 240
255 255 255 110
255 255 255 228
255 255 255 61
255 255 255 215
255 255 255 57
255 255 255 230
255 255 255 53
255 255 255 123
255 255 255 278
255 255 255 102
255 255 255 282
255 255 255 99
255 255 255 268
255 255 255 97
255 255 255 233
255 255 255 54
255 255 255 181
0 0 0 262
0 0 0 264
0 0 0 230
255 255 255 50
255 255 255 227
255 255 255 62
255 255 255 225
255 255 255 71
255 255 255 222
255 255 255 74
255 255 255 219
255 255 255 69
255 255 255 261
255 255 255 75
255 255 255 216
255 255 255 55
255 255 255 229
255 255 255 77
255 255 255 219
255 255 255 40
0 0 0 292
0 0 0 155
0 0 0 133
0 0 0 81
0 0 0 212
0 0 0 158
0 0 0 160
0 0 0 196
0 0 0 208
0 0 0 79
0 0 0 177
0 0 0 108
255 255 255 215
255 255 255 52
255 255 255 129
255 255 255 254
255 255 255 67
255 255 255 224
255 255 255 72
255 255 255 227
255 255 255 47
255 255 255 128
255 255 255 46
0 255 0 127
0 255 0 126
0 255 0 125
0 255 0 124
0 255 0 123
0 255 0 120
0 255 0 119
0 255 0 130
0 255 0 128
0 255 0 114
0 255 0 115
0 255 0 132
0 255 0 108
0 255 0 110
0 255 0 130
0 255 0 106
0 255 0 80
0 255 0 86
0 255 0 87
0 255 0 89
0 255 0 90
0 255 0 82
0 255 0 93
0 255 0 81
0 255 0 96
0 255 0 78
0 255 0 99
0 255 0 131
0 255 0 109
0 255 0 80
0 255 0 98
0 255 0 132
0 255 0 104
0 255 0 103
0 255 0 79
0 255 0 110
0 255 0 126
0 255 0 124
0 255 0 121
0 255 0 129
0 255 0 112
0 255 0 123
0 255 0 116
0 255 0 79
0 255 0 127
0 255 0 124
0 255 0 102
0 255 0 134
0 255 0 106
0 255 0 132
0 255 0 94
0 255 0 95
0 255 0 82
0 255 0 85
0 255 0 86
0 255 0 89
0 255 0 92
0 255 0 133
0 255 0 81
0 255 0 102
0 255 0 128
0 255 0 78
0 255 0 111
0 255 0 129
0 255 0 78
0 255 0 118
255 255 255 232
255 255 255 59
255 255 255 249
255 255 255 109
255 255 255 235
255 255 255 85
255 255 255 83
255 255 255 107
255 255 255 270
255 255 255 106
255 255 255 240
255 255 255 105
255 255 255 244
255 255 0 93
255 255 255 92
255 255 255 224
255 255 255 114
255 255 255 257
255 255 255 65
255 255 255 252
255 255 255 127
255 255 255 281
255 255 255 116
0 255 0 130
0 255 0 85
0 255 0 83
0 255 0 107
0 255 0 162
0 255 0 104
0 255 0 160
255 255 255 271
255 255 255 100
255 255 255 237
255 255 255 118
255 255 255 280
255 255 255 99
0 255 0 97
0 255 0 135
0 255 0 91
0 255 0 152
0 255 0 83
0 255 0 127
0 255 0 115
0 0 0 220
0 0 0 151
0 0 0 213
0 0 0 157
0 0 0 186
0 0 0 138
0 0 0 223
0 0 0 163
0 0 0 88
0 0 0 206
0 0 0 132
0 0 0 193
0 0 0 10
0 0 0 14
0 0 0 247
0 0 0 244
0 0 0 25
0 0 0 295
0 0 0 268
0 0 0 37
0 0 0 258
0 0 0 252
0 0 0 20
0 0 0 75
0 0 0 79
0 0 0 243
0 0 0 271
0 0 0 294
0 0 0 71
0 0 0 68
0 0 0 195
0 0 0 85
0 0 0 208
0 0 0 211
0 0 0 133
0 0 0 192
0 0 0 75
0 0 0 183
0 0 0 144
0 0 0 174
0 0 0 176
0 0 0 92
255 255 255 229
255 255 255 120
255 255 255 286
255 255 255 121
255 255 255 275
255 255 255 90
255 255 255 155
0 0 0 6
0 0 0 224
0 0 0 143
0 0 0 265
0 0 0 44
0 0 0 242
0 0 0 22
0 0 0 285
0 0 0 56
0 0 0 54
0 0 0 277
0 0 0 274
0 0 0 36
0 0 0 293
0 0 0 68
0 0 0 264
0 0 0 50
0 0 0 157
0 0 0 205
0 0 0 74
0 0 0 5
0 0 0 225
0 0 0 127
0 0 0 207
0 0 0 118
0 0 0 35
0 0 0 195
0 0 0 187
0 0 0 93
0 0 0 207
0 0 0 171
0 0 0 219
0 0 0 93
0 0 0 202
0 0 0 79
0 0 0 216
0 0 0 125
0 0 0 257
0 0 0 12
0 0 0 268
0 0 0 41
0 0 0 6
0 0 0 33
0 0 0 270
0 0 0 152
0 0 0 153
0 0 0 223
0 0 0 255
0 0 0 100
0 255 0 32
0 255 0 26
0 255 0 24
0 255 0 28
0 255 0 31
0 255 0 34
0 255 0 127
0 255 0 107
0 255 0 74
0 255 0 99
0 255 0 132
0 255 0 77
0 255 0 146
0 255 0 49
0 255 0 149
0 255 0 55
0 255 0 153
0 255 0 56
0 255 0 148
0 255 0 80
0 255 0 125
0 255 0 285
0 255 0 128
0 255 0 46
255 255 255 3
255 255 255 115
255 255 255 82
255 255 255 136
255 255 255 43
255 255 255 122
255 255 255 49
255 255 255 146
255 255 255 60
255 255 255 231
255 255 255 49
255 255 255 149
255 255 255 55
255 255 255 241
255 255 255 104
255 255 255 263
255 255 255 86
255 255 255 265
255 255 255 73
255 255 255 220
255 255 255 37
0 255 0 142
0 255 0 101
0 255 0 136
0 255 0 82
0 255 0 115
255 255 255 230
255 255 255 98
255 255 255 284
255 255 255 122
255 255 255 227
255 255 255 67
255 255 255 44
255 255 255 130
255 255 255 253
255 255 255 90
255 255 255 193
255 255 255 106
255 255 255 132
255 255 255 94
255 255 255 221
255 255 255 51
255 255 255 245
255 255 255 87
255 255 255 262
255 255 255 109
255 255 255 55
255 255 255 180
0 0 0 252
0 0 0 46
0 0 0 247
0 0 0 251
0 0 0 40
0 0 0 158
0 0 0 8
